Mathieu jtm: 176.187.12.80
Tktlabete : 77.128.23.42
WeedosEU: 88.123.88.128
zDroZzL: 2.15.70.222
Shiimada: 87.67.218.233
Latix: 176.133.4.30
Mathieu: 90.51.164.215
Evanchocolat : 62.35.91.36
Rxziat: 176.145.231.179
Mathieu jtm : 176.187.12.80
MatysTom : 90.52.153.192
StewardDrake: 91.173.20.240
FurtiveZeus: 90.20.237.72
2Quervix : 82.124.224.247
UnBotSurMc: 37.65.37163
BehavingQuillI89: 89.157.49.15
NafYt7111: 37.65.96.203
haiku on60hz :81.220.210.215
81.220.208.186
81.220.211.44
NexTag1114: 176.129.255.81
zSnexL : 176.140.234.80
2Lixaii : 93.22.37169
Sinxurial :83.114.137.234, 92.184.117.57
KaarisOnMc 86.211.107.187 port: 64723
MazHkerraD: 82.142.2.22
Tokoricov2: 88.137.181.36
TTV JPPROS47:91.171.139.209
h2zt/ TheNightClem : 91.168.251.71
zReyzox/Me: 81.49.196.58
xMetaLzX4369: 74.15.229.45
zNeyZoxMc: 92.148.42.104
Historien739: 81.185.174.218
